$ANSIBLE_VAULT;1.1;AES256
39363862313463376562383337393962333539323634633236613239623936326133393164656462
3166356464343835646266376339386236343533303461640a616137326538646636343433313733
35633665323362383036303237306137323538363738636131313036396331663832353031393566
3563333466333836330a336361643362343161376563316433386565376531393633326437623935
64656339376165633963346465613564306462313630613862646132646432666339386635323362
66383434613137356366333661353963656361333835313236653930633366353433643230376334
63626266313764356232323661623735653665363835376439373837636161363134653737646339
34633162323633366366353734306635323732393635643439646431393038643131313433363364
35386439623565613263643431336334623239313635323334333333653734663736313736386231
31323466623762343739383932613733666239316336383766653733303266383537343131376564
343864343136363732316538663330613938
